  -46.9492607852828        47.5957162498155     
  -43.5932527548028        47.9324039243888     
   73.8402195491959        31.9364500030545     
   35.4553965739753       -58.9556940009577     
   33.9315050962543        61.6505142416568     
  -114.906355939449        28.4646679917231     
  -85.9646390384815      -0.588152387524080     
   79.5544202815355        31.5188455603566     
  -22.3589609504927        2.74311007778199     
  -45.3837485230614        23.1872759733033     
  -80.6006875392950       -44.0067479890763     
   26.2821756775333        41.8545247630205     
   2.64227337726589        24.8659450614229     
