   31.5194436083883        100.006644261927     
   26.1279440110218       -8.89140596462896     
   50.6337690667316       -4.24450962542253     
  -48.8864562649093        8.34773179653802     
   4.90682739262753       -41.9404719735067     
  -34.4866535358183        17.6084502579136     
   2.88991543616420       -56.6701908256388     
   35.9910156671637       -29.9947714160269     
   4.87826665503885       -38.8865510044979     
   9.65558891338328        16.6615574618336     
   10.0352760334296        11.6611626603149     
   62.4600965092661      -0.785731223084988     
   34.1258876426191        55.3967280263157     
