         USR 24,960,499,200 16,640,332,800  3546.06    21.4           0.21  getf_
         USR  6,240,124,800  4,160,083,200   944.11     5.7           0.23  makeg_
         USR  6,240,124,800  4,160,083,200   885.60     5.3           0.21  getf_0_
         USR  2,009,828,904  1,339,661,211   265.47     1.6           0.20  rannyu_
         USR    134,407,488     89,604,992    22.03     0.1           0.25  r_set_
         USR     38,400,768     25,600,512   460.94     2.8          18.00  tools.zget_inverse_
         USR     38,400,768     25,600,512   215.74     1.3           8.43  paho_orbitals_
         COM     19,207,680     12,805,120     6.28     0.0           0.49  averages_
         USR     19,200,384     12,800,256    18.48     0.1           1.44  trial_function_
         USR     19,200,384     12,800,256     5.46     0.0           0.43  kinetic_
         USR     19,200,384     12,800,256   828.69     5.0          64.74  two_body_
         USR     19,200,384     12,800,256     8.97     0.1           0.70  metropolis_test_
         USR     19,200,384     12,800,256   351.13     2.1          27.43  distances_
         USR     19,200,384     12,800,256   791.68     4.8          61.85  potential_
         USR     19,200,384     12,800,256  4956.15    29.9         387.19  slater_excitations_
         USR     19,200,384     12,800,256  2556.72    15.4         199.74  three_body_
         USR     19,200,384     12,800,256    15.95     0.1           1.25  compute_properties_
         USR     19,200,384     12,800,256    83.62     0.5           6.53  dotg_
         USR     19,200,000     12,800,000   310.87     1.9          24.29  move_
         USR        960,384        640,256     0.88     0.0           1.37  putconf_
         USR        960,384        640,256     0.67     0.0           1.04  getconf_
         USR          7,680            320     0.27     0.0         841.18  write_nonscalar_props_
         USR          3,864          2,561     0.00     0.0           0.53  savern_
         USR          3,840          2,560     0.00     0.0           0.23  savern2_
         COM          3,840          2,560     2.52     0.0         984.45  restart_
         USR          3,840            160     0.00     0.0           0.48  normalizza_gofr_
         USR            816            544     0.00     0.0           0.84  i_set_
         USR            576             24     0.00     0.0          49.29  readwords_
         USR            384            256     0.03     0.0         114.47  sorttf_
         USR            384            256     1.73     0.0        6745.95  read_conf_
         COM            384            256     8.53     0.1       33332.47  vmc_
         USR            384            256   148.92     0.9      581727.85  write_conf_
         COM            288            192     0.07     0.0         350.78  t_read_
         USR            120             80     0.02     0.0         228.28  c_set_
         USR             24             16     0.00     0.0           0.65  sigma_
         COM             24             16     0.03     0.0        1678.32  tabc_
         USR             24             16     0.00     0.0           0.38  setrn_
         USR             24             16     0.00     0.0           0.65  setrn2_
         MPI             24             16     0.01     0.0         374.01  MPI_Comm_rank
         COM             24             16     0.33     0.0       20322.08  input_
         COM             24             16     0.08     0.0        5083.01  MAIN__
         COM             24             16     0.00     0.0         132.51  kread_
         MPI             24             16    10.40     0.1      650003.11  MPI_Init
         COM             24             16     0.13     0.0        7992.37  sonaseppia_
         MPI             24             16     0.01     0.0         377.65  MPI_Comm_size
         MPI             24             16     0.33     0.0       20829.38  MPI_Finalize
